-0.5                     0.4933333333333274       
-0.5                     0.5                      
-0.5                     0.4866666666666608       
-0.5                     0.4799999999999942       
-0.5                     0.4733333333333276       
-0.5                     0.466666666666661        
-0.5                     0.4599999999999944       
-0.5                     0.4533333333333278       
-0.5                     0.4466666666666612       
-0.5                     0.4399999999999946       
-0.5                     0.433333333333328        
-0.5                     0.4266666666666614       
-0.5                     0.4199999999999948       
-0.5                     0.4133333333333282       
-0.5                     0.4066666666666616       
-0.5                     0.399999999999995        
-0.5                     0.3933333333333284       
-0.5                     0.3866666666666618       
-0.5                     0.3799999999999952       
-0.5                     0.3733333333333286       
-0.5                     0.366666666666662        
-0.5                     0.3599999999999954       
-0.5                     0.3533333333333288       
-0.5                     0.3466666666666622       
-0.5                     0.3399999999999956       
-0.5                     0.333333333333329        
-0.5                     0.3266666666666624       
-0.5                     0.3199999999999958       
-0.5                     0.3133333333333292       
-0.5                     0.3066666666666626       
-0.5                     0.299999999999996        
-0.5                     0.2933333333333294       
-0.5                     0.2866666666666629       
-0.5                     0.2799999999999963       
-0.5                     0.2733333333333297       
-0.5                     0.2666666666666631       
-0.5                     0.2599999999999965       
-0.5                     0.2533333333333299       
-0.5                     0.2466666666666633       
-0.5                     0.2399999999999967       
-0.5                     0.2333333333333301       
-0.5                     0.2266666666666635       
-0.5                     0.2199999999999969       
-0.5                     0.2133333333333303       
-0.5                     0.2066666666666637       
-0.5                     0.1999999999999971       
-0.5                     0.1933333333333305       
-0.5                     0.1866666666666639       
-0.5                     0.1799999999999973       
-0.5                     0.1733333333333307       
-0.5                     0.1666666666666641       
-0.5                     0.1599999999999975       
-0.5                     0.1533333333333309       
-0.5                     0.1466666666666643       
-0.5                     0.1399999999999977       
-0.5                     0.1333333333333311       
-0.5                     0.1266666666666645       
-0.5                     0.1199999999999979       
-0.5                     0.1133333333333313       
-0.5                     0.1066666666666647       
-0.5                     0.09999999999999809      
-0.5                     0.09333333333333149      
-0.5                     0.08666666666666489      
-0.5                     0.07999999999999829      
-0.5                     0.0733333333333317       
-0.5                     0.0666666666666651       
-0.5                     0.0599999999999985       
-0.5                     0.0533333333333319       
-0.5                     0.0466666666666653       
-0.5                     0.0399999999999987       
-0.5                     0.0333333333333321       
-0.5                     0.02666666666666551      
-0.5                     0.01999999999999891      
-0.5                     0.01333333333333231      
-0.5                     0.00666666666666571      
-0.5                     -9.159339953157541E-16   
-0.5                     -0.006666666666667598    
-0.5                     -0.01333333333333428     
-0.5                     -0.02000000000000091     
-0.5                     -0.02666666666666753     
-0.5                     -0.03333333333333421     
-0.5                     -0.0400000000000009      
-0.5                     -0.04666666666666752     
-0.5                     -0.05333333333333415     
-0.5                     -0.06000000000000083     
-0.5                     -0.06666666666666751     
-0.5                     -0.07333333333333414     
-0.5                     -0.08000000000000076     
-0.5                     -0.08666666666666745     
-0.5                     -0.09333333333333413     
-0.5                     -0.1000000000000008      
-0.5                     -0.1066666666666674      
-0.5                     -0.1133333333333341      
-0.5                     -0.1200000000000007      
-0.5                     -0.1266666666666674      
-0.5                     -0.133333333333334       
-0.5                     -0.1400000000000007      
-0.5                     -0.1466666666666674      
-0.5                     -0.153333333333334       
-0.5                     -0.1600000000000006      
-0.5                     -0.1666666666666673      
-0.5                     -0.173333333333334       
-0.5                     -0.1800000000000006      
-0.5                     -0.1866666666666672      
-0.5                     -0.1933333333333339      
-0.5                     -0.2000000000000006      
-0.5                     -0.2066666666666672      
-0.5                     -0.2133333333333338      
-0.5                     -0.2200000000000005      
-0.5                     -0.2266666666666672      
-0.5                     -0.2333333333333338      
-0.5                     -0.2400000000000005      
-0.5                     -0.2466666666666671      
-0.5                     -0.2533333333333339      
-0.5                     -0.2600000000000005      
-0.5                     -0.2666666666666671      
-0.5                     -0.2733333333333338      
-0.5                     -0.2800000000000005      
-0.5                     -0.2866666666666671      
-0.5                     -0.2933333333333337      
-0.5                     -0.3000000000000004      
-0.5                     -0.3066666666666671      
-0.5                     -0.3133333333333337      
-0.5                     -0.3200000000000003      
-0.5                     -0.326666666666667       
-0.5                     -0.3333333333333337      
-0.5                     -0.3400000000000003      
-0.5                     -0.3466666666666669      
-0.5                     -0.3533333333333336      
-0.5                     -0.3600000000000003      
-0.5                     -0.3666666666666669      
-0.5                     -0.3733333333333335      
-0.5                     -0.3800000000000002      
-0.5                     -0.3866666666666669      
-0.5                     -0.3933333333333335      
-0.5                     -0.4000000000000001      
-0.5                     -0.4066666666666668      
-0.5                     -0.4133333333333336      
-0.5                     -0.4200000000000002      
-0.5                     -0.4266666666666667      
-0.5                     -0.4333333333333335      
-0.5                     -0.4400000000000002      
-0.5                     -0.4466666666666668      
-0.5                     -0.4533333333333334      
-0.5                     -0.4600000000000001      
-0.5                     -0.4666666666666668      
-0.5                     -0.4733333333333334      
-0.5                     -0.48                    
-0.5                     -0.4866666666666667      
-0.5                     -0.4933333333333334      
-0.5                     -0.5                     
-0.4933333333333274      -0.5                     
-0.4866666666666608      -0.5                     
-0.4799999999999942      -0.5                     
-0.4733333333333276      -0.5                     
-0.466666666666661       -0.5                     
-0.4599999999999944      -0.5                     
-0.4533333333333278      -0.5                     
-0.4466666666666612      -0.5                     
-0.4399999999999946      -0.5                     
-0.433333333333328       -0.5                     
-0.4266666666666614      -0.5                     
-0.4199999999999948      -0.5                     
-0.4133333333333282      -0.5                     
-0.4066666666666616      -0.5                     
-0.399999999999995       -0.5                     
-0.3933333333333284      -0.5                     
-0.3866666666666618      -0.5                     
-0.3799999999999952      -0.5                     
-0.3733333333333286      -0.5                     
-0.366666666666662       -0.5                     
-0.3599999999999954      -0.5                     
-0.3533333333333288      -0.5                     
-0.3466666666666622      -0.5                     
-0.3399999999999956      -0.5                     
-0.333333333333329       -0.5                     
-0.3266666666666624      -0.5                     
-0.3199999999999958      -0.5                     
-0.3133333333333292      -0.5                     
-0.3066666666666626      -0.5                     
-0.299999999999996       -0.5                     
-0.2933333333333294      -0.5                     
-0.2866666666666629      -0.5                     
-0.2799999999999963      -0.5                     
-0.2733333333333297      -0.5                     
-0.2666666666666631      -0.5                     
-0.2599999999999965      -0.5                     
-0.2533333333333299      -0.5                     
-0.2466666666666633      -0.5                     
-0.2399999999999967      -0.5                     
-0.2333333333333301      -0.5                     
-0.2266666666666635      -0.5                     
-0.2199999999999969      -0.5                     
-0.2133333333333303      -0.5                     
-0.2066666666666637      -0.5                     
-0.1999999999999971      -0.5                     
-0.1933333333333305      -0.5                     
-0.1866666666666639      -0.5                     
-0.1799999999999973      -0.5                     
-0.1733333333333307      -0.5                     
-0.1666666666666641      -0.5                     
-0.1599999999999975      -0.5                     
-0.1533333333333309      -0.5                     
-0.1466666666666643      -0.5                     
-0.1399999999999977      -0.5                     
-0.1333333333333311      -0.5                     
-0.1266666666666645      -0.5                     
-0.1199999999999979      -0.5                     
-0.1133333333333313      -0.5                     
-0.1066666666666647      -0.5                     
-0.09999999999999809     -0.5                     
-0.09333333333333149     -0.5                     
-0.08666666666666489     -0.5                     
-0.07999999999999829     -0.5                     
-0.0733333333333317      -0.5                     
-0.0666666666666651      -0.5                     
-0.0599999999999985      -0.5                     
-0.0533333333333319      -0.5                     
-0.0466666666666653      -0.5                     
-0.0399999999999987      -0.5                     
-0.0333333333333321      -0.5                     
-0.02666666666666551     -0.5                     
-0.01999999999999891     -0.5                     
-0.01333333333333231     -0.5                     
-0.00666666666666571     -0.5                     
9.159339953157541E-16    -0.5                     
0.006666666666667598     -0.5                     
0.01333333333333428      -0.5                     
0.02000000000000091      -0.5                     
0.02666666666666753      -0.5                     
0.03333333333333421      -0.5                     
0.0400000000000009       -0.5                     
0.04666666666666752      -0.5                     
0.05333333333333415      -0.5                     
0.06000000000000083      -0.5                     
0.06666666666666751      -0.5                     
0.07333333333333414      -0.5                     
0.08000000000000076      -0.5                     
0.08666666666666745      -0.5                     
0.09333333333333413      -0.5                     
0.1000000000000008       -0.5                     
0.1066666666666674       -0.5                     
0.1133333333333341       -0.5                     
0.1200000000000007       -0.5                     
0.1266666666666674       -0.5                     
0.133333333333334        -0.5                     
0.1400000000000007       -0.5                     
0.1466666666666674       -0.5                     
0.153333333333334        -0.5                     
0.1600000000000006       -0.5                     
0.1666666666666673       -0.5                     
0.173333333333334        -0.5                     
0.1800000000000006       -0.5                     
0.1866666666666672       -0.5                     
0.1933333333333339       -0.5                     
0.2000000000000006       -0.5                     
0.2066666666666672       -0.5                     
0.2133333333333338       -0.5                     
0.2200000000000005       -0.5                     
0.2266666666666672       -0.5                     
0.2333333333333338       -0.5                     
0.2400000000000005       -0.5                     
0.2466666666666671       -0.5                     
0.2533333333333339       -0.5                     
0.2600000000000005       -0.5                     
0.2666666666666671       -0.5                     
0.2733333333333338       -0.5                     
0.2800000000000005       -0.5                     
0.2866666666666671       -0.5                     
0.2933333333333337       -0.5                     
0.3000000000000004       -0.5                     
0.3066666666666671       -0.5                     
0.3133333333333337       -0.5                     
0.3200000000000003       -0.5                     
0.326666666666667        -0.5                     
0.3333333333333337       -0.5                     
0.3400000000000003       -0.5                     
0.3466666666666669       -0.5                     
0.3533333333333336       -0.5                     
0.3600000000000003       -0.5                     
0.3666666666666669       -0.5                     
0.3733333333333335       -0.5                     
0.3800000000000002       -0.5                     
0.3866666666666669       -0.5                     
0.3933333333333335       -0.5                     
0.4000000000000001       -0.5                     
0.4066666666666668       -0.5                     
0.4133333333333336       -0.5                     
0.4200000000000002       -0.5                     
0.4266666666666667       -0.5                     
0.4333333333333335       -0.5                     
0.4400000000000002       -0.5                     
0.4466666666666668       -0.5                     
0.4533333333333334       -0.5                     
0.4600000000000001       -0.5                     
0.4666666666666668       -0.5                     
0.4733333333333334       -0.5                     
0.48                     -0.5                     
0.4866666666666667       -0.5                     
0.4933333333333334       -0.5                     
0.5                      -0.5                     
0.5                      -0.4933333333333274      
0.5                      -0.4866666666666608      
0.5                      -0.4799999999999942      
0.5                      -0.4733333333333276      
0.5                      -0.466666666666661       
0.5                      -0.4599999999999944      
0.5                      -0.4533333333333278      
0.5                      -0.4466666666666612      
0.5                      -0.4399999999999946      
0.5                      -0.433333333333328       
0.5                      -0.4266666666666614      
0.5                      -0.4199999999999948      
0.5                      -0.4133333333333282      
0.5                      -0.4066666666666616      
0.5                      -0.399999999999995       
0.5                      -0.3933333333333284      
0.5                      -0.3866666666666618      
0.5                      -0.3799999999999952      
0.5                      -0.3733333333333286      
0.5                      -0.366666666666662       
0.5                      -0.3599999999999954      
0.5                      -0.3533333333333288      
0.5                      -0.3466666666666622      
0.5                      -0.3399999999999956      
0.5                      -0.333333333333329       
0.5                      -0.3266666666666624      
0.5                      -0.3199999999999958      
0.5                      -0.3133333333333292      
0.5                      -0.3066666666666626      
0.5                      -0.299999999999996       
0.5                      -0.2933333333333294      
0.5                      -0.2866666666666629      
0.5                      -0.2799999999999963      
0.5                      -0.2733333333333297      
0.5                      -0.2666666666666631      
0.5                      -0.2599999999999965      
0.5                      -0.2533333333333299      
0.5                      -0.2466666666666633      
0.5                      -0.2399999999999967      
0.5                      -0.2333333333333301      
0.5                      -0.2266666666666635      
0.5                      -0.2199999999999969      
0.5                      -0.2133333333333303      
0.5                      -0.2066666666666637      
0.5                      -0.1999999999999971      
0.5                      -0.1933333333333305      
0.5                      -0.1866666666666639      
0.5                      -0.1799999999999973      
0.5                      -0.1733333333333307      
0.5                      -0.1666666666666641      
0.5                      -0.1599999999999975      
0.5                      -0.1533333333333309      
0.5                      -0.1466666666666643      
0.5                      -0.1399999999999977      
0.5                      -0.1333333333333311      
0.5                      -0.1266666666666645      
0.5                      -0.1199999999999979      
0.5                      -0.1133333333333313      
0.5                      -0.1066666666666647      
0.5                      -0.09999999999999809     
0.5                      -0.09333333333333149     
0.5                      -0.08666666666666489     
0.5                      -0.07999999999999829     
0.5                      -0.0733333333333317      
0.5                      -0.0666666666666651      
0.5                      -0.0599999999999985      
0.5                      -0.0533333333333319      
0.5                      -0.0466666666666653      
0.5                      -0.0399999999999987      
0.5                      -0.0333333333333321      
0.5                      -0.02666666666666551     
0.5                      -0.01999999999999891     
0.5                      -0.01333333333333231     
0.5                      -0.00666666666666571     
0.5                      9.159339953157541E-16    
0.5                      0.006666666666667598     
0.5                      0.01333333333333428      
0.5                      0.02000000000000091      
0.5                      0.02666666666666753      
0.5                      0.03333333333333421      
0.5                      0.0400000000000009       
0.5                      0.04666666666666752      
0.5                      0.05333333333333415      
0.5                      0.06000000000000083      
0.5                      0.06666666666666751      
0.5                      0.07333333333333414      
0.5                      0.08000000000000076      
0.5                      0.08666666666666745      
0.5                      0.09333333333333413      
0.5                      0.1000000000000008       
0.5                      0.1066666666666674       
0.5                      0.1133333333333341       
0.5                      0.1200000000000007       
0.5                      0.1266666666666674       
0.5                      0.133333333333334        
0.5                      0.1400000000000007       
0.5                      0.1466666666666674       
0.5                      0.153333333333334        
0.5                      0.1600000000000006       
0.5                      0.1666666666666673       
0.5                      0.173333333333334        
0.5                      0.1800000000000006       
0.5                      0.1866666666666672       
0.5                      0.1933333333333339       
0.5                      0.2000000000000006       
0.5                      0.2066666666666672       
0.5                      0.2133333333333338       
0.5                      0.2200000000000005       
0.5                      0.2266666666666672       
0.5                      0.2333333333333338       
0.5                      0.2400000000000005       
0.5                      0.2466666666666671       
0.5                      0.2533333333333339       
0.5                      0.2600000000000005       
0.5                      0.2666666666666671       
0.5                      0.2733333333333338       
0.5                      0.2800000000000005       
0.5                      0.2866666666666671       
0.5                      0.2933333333333337       
0.5                      0.3000000000000004       
0.5                      0.3066666666666671       
0.5                      0.3133333333333337       
0.5                      0.3200000000000003       
0.5                      0.326666666666667        
0.5                      0.3333333333333337       
0.5                      0.3400000000000003       
0.5                      0.3466666666666669       
0.5                      0.3533333333333336       
0.5                      0.3600000000000003       
0.5                      0.3666666666666669       
0.5                      0.3733333333333335       
0.5                      0.3800000000000002       
0.5                      0.3866666666666669       
0.5                      0.3933333333333335       
0.5                      0.4000000000000001       
0.5                      0.4066666666666668       
0.5                      0.4133333333333336       
0.5                      0.4200000000000002       
0.5                      0.4266666666666667       
0.5                      0.4333333333333335       
0.5                      0.4400000000000002       
0.5                      0.4466666666666668       
0.5                      0.4533333333333334       
0.5                      0.4600000000000001       
0.5                      0.4666666666666668       
0.5                      0.4733333333333334       
0.5                      0.48                     
0.5                      0.4866666666666667       
0.5                      0.4933333333333334       
0.5                      0.5                      
