0.4960000000000009       0.5                      
0.5                      0.5                      
0.4920000000000009       0.5                      
0.4880000000000009       0.5                      
0.4840000000000009       0.5                      
0.4800000000000009       0.5                      
0.4760000000000009       0.5                      
0.4720000000000009       0.5                      
0.4680000000000009       0.5                      
0.4640000000000009       0.5                      
0.4600000000000009       0.5                      
0.4560000000000008       0.5                      
0.4520000000000008       0.5                      
0.4480000000000008       0.5                      
0.4440000000000008       0.5                      
0.4400000000000008       0.5                      
0.4360000000000008       0.5                      
0.4320000000000008       0.5                      
0.4280000000000008       0.5                      
0.4240000000000008       0.5                      
0.4200000000000008       0.5                      
0.4160000000000008       0.5                      
0.4120000000000008       0.5                      
0.4080000000000008       0.5                      
0.4040000000000008       0.5                      
0.4000000000000008       0.5                      
0.3960000000000008       0.5                      
0.3920000000000008       0.5                      
0.3880000000000008       0.5                      
0.3840000000000008       0.5                      
0.3800000000000008       0.5                      
0.3760000000000008       0.5                      
0.3720000000000008       0.5                      
0.3680000000000008       0.5                      
0.3640000000000008       0.5                      
0.3600000000000008       0.5                      
0.3560000000000008       0.5                      
0.3520000000000008       0.5                      
0.3480000000000008       0.5                      
0.3440000000000007       0.5                      
0.3400000000000007       0.5                      
0.3360000000000007       0.5                      
0.3320000000000007       0.5                      
0.3280000000000007       0.5                      
0.3240000000000007       0.5                      
0.3200000000000007       0.5                      
0.3160000000000007       0.5                      
0.3120000000000007       0.5                      
0.3080000000000007       0.5                      
0.3040000000000007       0.5                      
0.3000000000000007       0.5                      
0.2960000000000007       0.5                      
0.2920000000000007       0.5                      
0.2880000000000007       0.5                      
0.2840000000000007       0.5                      
0.2800000000000007       0.5                      
0.2760000000000007       0.5                      
0.2720000000000007       0.5                      
0.2680000000000007       0.5                      
0.2640000000000007       0.5                      
0.2600000000000007       0.5                      
0.2560000000000007       0.5                      
0.2520000000000007       0.5                      
0.2480000000000007       0.5                      
0.2440000000000007       0.5                      
0.2400000000000007       0.5                      
0.2360000000000007       0.5                      
0.2320000000000007       0.5                      
0.2280000000000006       0.5                      
0.2240000000000006       0.5                      
0.2200000000000006       0.5                      
0.2160000000000006       0.5                      
0.2120000000000006       0.5                      
0.2080000000000006       0.5                      
0.2040000000000006       0.5                      
0.2000000000000006       0.5                      
0.1960000000000006       0.5                      
0.1920000000000006       0.5                      
0.1880000000000006       0.5                      
0.1840000000000006       0.5                      
0.1800000000000006       0.5                      
0.1760000000000006       0.5                      
0.1720000000000006       0.5                      
0.1680000000000006       0.5                      
0.1640000000000006       0.5                      
0.1600000000000006       0.5                      
0.1560000000000006       0.5                      
0.1520000000000006       0.5                      
0.1480000000000006       0.5                      
0.1440000000000006       0.5                      
0.1400000000000006       0.5                      
0.1360000000000006       0.5                      
0.1320000000000006       0.5                      
0.1280000000000006       0.5                      
0.1240000000000006       0.5                      
0.1200000000000006       0.5                      
0.1160000000000005       0.5                      
0.1120000000000005       0.5                      
0.1080000000000005       0.5                      
0.1040000000000005       0.5                      
0.1000000000000005       0.5                      
0.09600000000000053      0.5                      
0.09200000000000053      0.5                      
0.08800000000000052      0.5                      
0.08400000000000052      0.5                      
0.08000000000000052      0.5                      
0.07600000000000051      0.5                      
0.07200000000000051      0.5                      
0.0680000000000005       0.5                      
0.0640000000000005       0.5                      
0.0600000000000005       0.5                      
0.05600000000000049      0.5                      
0.05200000000000049      0.5                      
0.04800000000000049      0.5                      
0.04400000000000048      0.5                      
0.04000000000000048      0.5                      
0.03600000000000048      0.5                      
0.03200000000000047      0.5                      
0.02800000000000047      0.5                      
0.02400000000000047      0.5                      
0.02000000000000046      0.5                      
0.01600000000000046      0.5                      
0.01200000000000045      0.5                      
0.008000000000000451     0.5                      
0.004000000000000448     0.5                      
4.440892098500626E-16    0.5                      
-0.003999999999999559    0.5                      
-0.007999999999999563    0.5                      
-0.01199999999999957     0.5                      
-0.01599999999999957     0.5                      
-0.01999999999999957     0.5                      
-0.02399999999999958     0.5                      
-0.02799999999999958     0.5                      
-0.03199999999999958     0.5                      
-0.03599999999999959     0.5                      
-0.03999999999999959     0.5                      
-0.04399999999999959     0.5                      
-0.0479999999999996      0.5                      
-0.0519999999999996      0.5                      
-0.05599999999999961     0.5                      
-0.05999999999999961     0.5                      
-0.06399999999999961     0.5                      
-0.06799999999999962     0.5                      
-0.07199999999999962     0.5                      
-0.07599999999999962     0.5                      
-0.07999999999999963     0.5                      
-0.08399999999999963     0.5                      
-0.08799999999999963     0.5                      
-0.09199999999999964     0.5                      
-0.09599999999999964     0.5                      
-0.09999999999999964     0.5                      
-0.1039999999999996      0.5                      
-0.1079999999999997      0.5                      
-0.1119999999999997      0.5                      
-0.1159999999999997      0.5                      
-0.1199999999999997      0.5                      
-0.1239999999999997      0.5                      
-0.1279999999999997      0.5                      
-0.1319999999999997      0.5                      
-0.1359999999999997      0.5                      
-0.1399999999999997      0.5                      
-0.1439999999999997      0.5                      
-0.1479999999999997      0.5                      
-0.1519999999999997      0.5                      
-0.1559999999999997      0.5                      
-0.1599999999999997      0.5                      
-0.1639999999999997      0.5                      
-0.1679999999999997      0.5                      
-0.1719999999999997      0.5                      
-0.1759999999999997      0.5                      
-0.1799999999999997      0.5                      
-0.1839999999999997      0.5                      
-0.1879999999999997      0.5                      
-0.1919999999999997      0.5                      
-0.1959999999999997      0.5                      
-0.1999999999999997      0.5                      
-0.2039999999999997      0.5                      
-0.2079999999999997      0.5                      
-0.2119999999999997      0.5                      
-0.2159999999999997      0.5                      
-0.2199999999999998      0.5                      
-0.2239999999999998      0.5                      
-0.2279999999999998      0.5                      
-0.2319999999999998      0.5                      
-0.2359999999999998      0.5                      
-0.2399999999999998      0.5                      
-0.2439999999999998      0.5                      
-0.2479999999999998      0.5                      
-0.2519999999999998      0.5                      
-0.2559999999999998      0.5                      
-0.2599999999999998      0.5                      
-0.2639999999999998      0.5                      
-0.2679999999999998      0.5                      
-0.2719999999999998      0.5                      
-0.2759999999999998      0.5                      
-0.2799999999999998      0.5                      
-0.2839999999999998      0.5                      
-0.2879999999999998      0.5                      
-0.2919999999999998      0.5                      
-0.2959999999999998      0.5                      
-0.2999999999999998      0.5                      
-0.3039999999999998      0.5                      
-0.3079999999999998      0.5                      
-0.3119999999999998      0.5                      
-0.3159999999999998      0.5                      
-0.3199999999999998      0.5                      
-0.3239999999999998      0.5                      
-0.3279999999999998      0.5                      
-0.3319999999999999      0.5                      
-0.3359999999999999      0.5                      
-0.3399999999999999      0.5                      
-0.3439999999999999      0.5                      
-0.3479999999999999      0.5                      
-0.3519999999999999      0.5                      
-0.3559999999999999      0.5                      
-0.3599999999999999      0.5                      
-0.3639999999999999      0.5                      
-0.3679999999999999      0.5                      
-0.3719999999999999      0.5                      
-0.3759999999999999      0.5                      
-0.3799999999999999      0.5                      
-0.3839999999999999      0.5                      
-0.3879999999999999      0.5                      
-0.3919999999999999      0.5                      
-0.3959999999999999      0.5                      
-0.3999999999999999      0.5                      
-0.4039999999999999      0.5                      
-0.4079999999999999      0.5                      
-0.4119999999999999      0.5                      
-0.4159999999999999      0.5                      
-0.4199999999999999      0.5                      
-0.4239999999999999      0.5                      
-0.4279999999999999      0.5                      
-0.4319999999999999      0.5                      
-0.4359999999999999      0.5                      
-0.4399999999999999      0.5                      
-0.444                   0.5                      
-0.448                   0.5                      
-0.452                   0.5                      
-0.456                   0.5                      
-0.46                    0.5                      
-0.464                   0.5                      
-0.468                   0.5                      
-0.472                   0.5                      
-0.476                   0.5                      
-0.48                    0.5                      
-0.484                   0.5                      
-0.488                   0.5                      
-0.492                   0.5                      
-0.496                   0.5                      
-0.5                     0.5                      
