-0.5                     0.4970059880239415       
-0.5                     0.5                      
-0.5                     0.4940119760478936       
-0.5                     0.4910179640718457       
-0.5                     0.4880239520957979       
-0.5                     0.48502994011975         
-0.5                     0.4820359281437021       
-0.5                     0.4790419161676542       
-0.5                     0.4760479041916064       
-0.5                     0.4730538922155585       
-0.5                     0.4700598802395106       
-0.5                     0.4670658682634627       
-0.5                     0.4640718562874149       
-0.5                     0.461077844311367        
-0.5                     0.4580838323353191       
-0.5                     0.4550898203592713       
-0.5                     0.4520958083832234       
-0.5                     0.4491017964071755       
-0.5                     0.4461077844311276       
-0.5                     0.4431137724550798       
-0.5                     0.4401197604790319       
-0.5                     0.437125748502984        
-0.5                     0.4341317365269362       
-0.5                     0.4311377245508883       
-0.5                     0.4281437125748404       
-0.5                     0.4251497005987925       
-0.5                     0.4221556886227447       
-0.5                     0.4191616766466968       
-0.5                     0.4161676646706489       
-0.5                     0.413173652694601        
-0.5                     0.4101796407185532       
-0.5                     0.4071856287425053       
-0.5                     0.4041916167664574       
-0.5                     0.4011976047904096       
-0.5                     0.3982035928143617       
-0.5                     0.3952095808383138       
-0.5                     0.3922155688622659       
-0.5                     0.3892215568862181       
-0.5                     0.3862275449101702       
-0.5                     0.3832335329341223       
-0.5                     0.3802395209580745       
-0.5                     0.3772455089820266       
-0.5                     0.3742514970059787       
-0.5                     0.3712574850299308       
-0.5                     0.368263473053883        
-0.5                     0.3652694610778351       
-0.5                     0.3622754491017872       
-0.5                     0.3592814371257393       
-0.5                     0.3562874251496915       
-0.5                     0.3532934131736436       
-0.5                     0.3502994011975957       
-0.5                     0.3473053892215479       
-0.5                     0.3443113772455          
-0.5                     0.3413173652694521       
-0.5                     0.3383233532934042       
-0.5                     0.3353293413173564       
-0.5                     0.3323353293413085       
-0.5                     0.3293413173652606       
-0.5                     0.3263473053892127       
-0.5                     0.3233532934131649       
-0.5                     0.320359281437117        
-0.5                     0.3173652694610691       
-0.5                     0.3143712574850213       
-0.5                     0.3113772455089734       
-0.5                     0.3083832335329255       
-0.5                     0.3053892215568776       
-0.5                     0.3023952095808298       
-0.5                     0.2994011976047819       
-0.5                     0.296407185628734        
-0.5                     0.2934131736526862       
-0.5                     0.2904191616766383       
-0.5                     0.2874251497005904       
-0.5                     0.2844311377245425       
-0.5                     0.2814371257484947       
-0.5                     0.2784431137724468       
-0.5                     0.2754491017963989       
-0.5                     0.272455089820351        
-0.5                     0.2694610778443032       
-0.5                     0.2664670658682553       
-0.5                     0.2634730538922074       
-0.5                     0.2604790419161596       
-0.5                     0.2574850299401117       
-0.5                     0.2544910179640638       
-0.5                     0.2514970059880159       
-0.5                     0.2485029940119681       
-0.5                     0.2455089820359202       
-0.5                     0.2425149700598723       
-0.5                     0.2395209580838245       
-0.5                     0.2365269461077766       
-0.5                     0.2335329341317287       
-0.5                     0.2305389221556808       
-0.5                     0.227544910179633        
-0.5                     0.2245508982035851       
-0.5                     0.2215568862275372       
-0.5                     0.2185628742514893       
-0.5                     0.2155688622754415       
-0.5                     0.2125748502993936       
-0.5                     0.2095808383233457       
-0.5                     0.2065868263472979       
-0.5                     0.20359281437125         
-0.5                     0.2005988023952021       
-0.5                     0.1976047904191542       
-0.5                     0.1946107784431064       
-0.5                     0.1916167664670585       
-0.5                     0.1886227544910106       
-0.5                     0.1856287425149628       
-0.5                     0.1826347305389149       
-0.5                     0.179640718562867        
-0.5                     0.1766467065868191       
-0.5                     0.1736526946107713       
-0.5                     0.1706586826347234       
-0.5                     0.1676646706586755       
-0.5                     0.1646706586826276       
-0.5                     0.1616766467065798       
-0.5                     0.1586826347305319       
-0.5                     0.155688622754484        
-0.5                     0.1526946107784362       
-0.5                     0.1497005988023883       
-0.5                     0.1467065868263404       
-0.5                     0.1437125748502925       
-0.5                     0.1407185628742447       
-0.5                     0.1377245508981968       
-0.5                     0.1347305389221489       
-0.5                     0.1317365269461011       
-0.5                     0.1287425149700532       
-0.5                     0.1257485029940053       
-0.5                     0.1227544910179574       
-0.5                     0.1197604790419096       
-0.5                     0.1167664670658617       
-0.5                     0.1137724550898138       
-0.5                     0.1107784431137659       
-0.5                     0.1077844311377181       
-0.5                     0.1047904191616702       
-0.5                     0.1017964071856223       
-0.5                     0.09880239520957446      
-0.5                     0.09580838323352658      
-0.5                     0.09281437125747871      
-0.5                     0.08982035928143084      
-0.5                     0.08682634730538297      
-0.5                     0.08383233532933509      
-0.5                     0.08083832335328722      
-0.5                     0.07784431137723935      
-0.5                     0.07485029940119148      
-0.5                     0.07185628742514361      
-0.5                     0.06886227544909573      
-0.5                     0.06586826347304786      
-0.5                     0.06287425149699999      
-0.5                     0.05988023952095212      
-0.5                     0.05688622754490424      
-0.5                     0.05389221556885637      
-0.5                     0.0508982035928085       
-0.5                     0.04790419161676063      
-0.5                     0.04491017964071276      
-0.5                     0.04191616766466488      
-0.5                     0.03892215568861701      
-0.5                     0.03592814371256914      
-0.5                     0.03293413173652127      
-0.5                     0.02994011976047339      
-0.5                     0.02694610778442552      
-0.5                     0.02395209580837765      
-0.5                     0.02095808383232978      
-0.5                     0.0179640718562819       
-0.5                     0.01497005988023403      
-0.5                     0.01197604790418616      
-0.5                     0.008982035928138288     
-0.5                     0.005988023952090415     
-0.5                     0.002994011976042543     
-0.5                     -5.329070518200751E-15   
-0.5                     -0.002994011976053201    
-0.5                     -0.005988023952101074    
-0.5                     -0.008982035928148946    
-0.5                     -0.01197604790419682     
-0.5                     -0.01497005988024469     
-0.5                     -0.01796407185629256     
-0.5                     -0.02095808383234044     
-0.5                     -0.02395209580838831     
-0.5                     -0.02694610778443618     
-0.5                     -0.02994011976048405     
-0.5                     -0.03293413173653192     
-0.5                     -0.0359281437125798      
-0.5                     -0.03892215568862767     
-0.5                     -0.04191616766467554     
-0.5                     -0.04491017964072341     
-0.5                     -0.04790419161677129     
-0.5                     -0.05089820359281916     
-0.5                     -0.05389221556886703     
-0.5                     -0.0568862275449149      
-0.5                     -0.05988023952096277     
-0.5                     -0.06287425149701065     
-0.5                     -0.06586826347305852     
-0.5                     -0.06886227544910639     
-0.5                     -0.07185628742515426     
-0.5                     -0.07485029940120214     
-0.5                     -0.07784431137725001     
-0.5                     -0.08083832335329788     
-0.5                     -0.08383233532934575     
-0.5                     -0.08682634730539363     
-0.5                     -0.0898203592814415      
-0.5                     -0.09281437125748937     
-0.5                     -0.09580838323353724     
-0.5                     -0.09880239520958511     
-0.5                     -0.101796407185633       
-0.5                     -0.1047904191616809      
-0.5                     -0.1077844311377287      
-0.5                     -0.1107784431137766      
-0.5                     -0.1137724550898245      
-0.5                     -0.1167664670658723      
-0.5                     -0.1197604790419202      
-0.5                     -0.1227544910179681      
-0.5                     -0.125748502994016       
-0.5                     -0.1287425149700638      
-0.5                     -0.1317365269461117      
-0.5                     -0.1347305389221596      
-0.5                     -0.1377245508982075      
-0.5                     -0.1407185628742553      
-0.5                     -0.1437125748503032      
-0.5                     -0.1467065868263511      
-0.5                     -0.1497005988023989      
-0.5                     -0.1526946107784468      
-0.5                     -0.1556886227544947      
-0.5                     -0.1586826347305426      
-0.5                     -0.1616766467065904      
-0.5                     -0.1646706586826383      
-0.5                     -0.1676646706586862      
-0.5                     -0.170658682634734       
-0.5                     -0.1736526946107819      
-0.5                     -0.1766467065868298      
-0.5                     -0.1796407185628777      
-0.5                     -0.1826347305389255      
-0.5                     -0.1856287425149734      
-0.5                     -0.1886227544910213      
-0.5                     -0.1916167664670692      
-0.5                     -0.194610778443117       
-0.5                     -0.1976047904191649      
-0.5                     -0.2005988023952128      
-0.5                     -0.2035928143712606      
-0.5                     -0.2065868263473085      
-0.5                     -0.2095808383233564      
-0.5                     -0.2125748502994043      
-0.5                     -0.2155688622754521      
-0.5                     -0.2185628742515         
-0.5                     -0.2215568862275479      
-0.5                     -0.2245508982035958      
-0.5                     -0.2275449101796436      
-0.5                     -0.2305389221556915      
-0.5                     -0.2335329341317394      
-0.5                     -0.2365269461077872      
-0.5                     -0.2395209580838351      
-0.5                     -0.242514970059883       
-0.5                     -0.2455089820359309      
-0.5                     -0.2485029940119787      
-0.5                     -0.2514970059880266      
-0.5                     -0.2544910179640745      
-0.5                     -0.2574850299401223      
-0.5                     -0.2604790419161702      
-0.5                     -0.2634730538922181      
-0.5                     -0.266467065868266       
-0.5                     -0.2694610778443138      
-0.5                     -0.2724550898203617      
-0.5                     -0.2754491017964096      
-0.5                     -0.2784431137724575      
-0.5                     -0.2814371257485053      
-0.5                     -0.2844311377245532      
-0.5                     -0.2874251497006011      
-0.5                     -0.2904191616766489      
-0.5                     -0.2934131736526968      
-0.5                     -0.2964071856287447      
-0.5                     -0.2994011976047926      
-0.5                     -0.3023952095808404      
-0.5                     -0.3053892215568883      
-0.5                     -0.3083832335329362      
-0.5                     -0.311377245508984       
-0.5                     -0.3143712574850319      
-0.5                     -0.3173652694610798      
-0.5                     -0.3203592814371277      
-0.5                     -0.3233532934131755      
-0.5                     -0.3263473053892234      
-0.5                     -0.3293413173652713      
-0.5                     -0.3323353293413192      
-0.5                     -0.335329341317367       
-0.5                     -0.3383233532934149      
-0.5                     -0.3413173652694628      
-0.5                     -0.3443113772455106      
-0.5                     -0.3473053892215585      
-0.5                     -0.3502994011976064      
-0.5                     -0.3532934131736543      
-0.5                     -0.3562874251497021      
-0.5                     -0.35928143712575        
-0.5                     -0.3622754491017979      
-0.5                     -0.3652694610778457      
-0.5                     -0.3682634730538936      
-0.5                     -0.3712574850299415      
-0.5                     -0.3742514970059894      
-0.5                     -0.3772455089820372      
-0.5                     -0.3802395209580851      
-0.5                     -0.383233532934133       
-0.5                     -0.3862275449101809      
-0.5                     -0.3892215568862287      
-0.5                     -0.3922155688622766      
-0.5                     -0.3952095808383245      
-0.5                     -0.3982035928143723      
-0.5                     -0.4011976047904202      
-0.5                     -0.4041916167664681      
-0.5                     -0.407185628742516       
-0.5                     -0.4101796407185638      
-0.5                     -0.4131736526946117      
-0.5                     -0.4161676646706596      
-0.5                     -0.4191616766467074      
-0.5                     -0.4221556886227553      
-0.5                     -0.4251497005988032      
-0.5                     -0.4281437125748511      
-0.5                     -0.4311377245508989      
-0.5                     -0.4341317365269468      
-0.5                     -0.4371257485029947      
-0.5                     -0.4401197604790426      
-0.5                     -0.4431137724550904      
-0.5                     -0.4461077844311383      
-0.5                     -0.4491017964071862      
-0.5                     -0.452095808383234       
-0.5                     -0.4550898203592819      
-0.5                     -0.4580838323353298      
-0.5                     -0.4610778443113777      
-0.5                     -0.4640718562874255      
-0.5                     -0.4670658682634734      
-0.5                     -0.4700598802395213      
-0.5                     -0.4730538922155691      
-0.5                     -0.476047904191617       
-0.5                     -0.4790419161676649      
-0.5                     -0.4820359281437128      
-0.5                     -0.4850299401197606      
-0.5                     -0.4880239520958085      
-0.5                     -0.4910179640718564      
-0.5                     -0.4940119760479043      
-0.5                     -0.4970059880239521      
-0.5                     -0.5                     
