-0.04136518775649126     -0.02808774184355565     
-0.04079856625559604     -0.02890461886079353     
-0.04021581532783183     -0.02971006895848151     
-0.04191545622653575     -0.02725976025795836     
-0.03961716563082371     -0.03050377333019444     
-0.04244915452349733     -0.02642100074259576     
-0.03900285298361743     -0.03128541927381388     
-0.04296607139264817     -0.02557179518692149     
-0.03837312018428757     -0.03205469774186338     
-0.04346600195774251     -0.02471248012259239     
-0.03772821667574997     -0.03281130394342263     
-0.04394874814875082     -0.02384339607014219     
-0.03706839809229012     -0.03355493798044488     
-0.04441411906287289     -0.02296488684642168     
-0.03639392574561425     -0.03428530543575069     
-0.04486193125575358     -0.02207729883849109     
-0.03570506605465382     -0.03500211790781819     
-0.04529200780634125     -0.02118098271729441     
-0.03500209043091696     -0.03570509299057926     
-0.04570417869539245     -0.0202762928016843      
-0.03428527742873122     -0.03639395212992035     
-0.04609828135602925     -0.01936358582547059     
-0.03355490945434644     -0.03706842391457468     
-0.04647415983064238     -0.0184432228212942      
-0.03281127490952695     -0.03772824192579674     
-0.04683166516399352     -0.01751556844546005     
-0.03205466821167501     -0.03837314485208935     
-0.04717065572728691     -0.0165809902677064      
-0.03128538925903843     -0.03900287705939708     
-0.04749099747033311     -0.01563985803237401     
-0.03050374284271491     -0.03961718910505285     
-0.04779256409963656     -0.01469254289706622     
-0.02971003801033273     -0.0402158381912473      
-0.04807523497656931     -0.01373942436740517     
-0.0289045874641675      -0.04079858849919064     
-0.04833889871623073     -0.01278087911303399     
-0.028087710010901       -0.0413652093714456      
-0.04858345317704676     -0.01181727876432241     
-0.02725972800180806     -0.04191547720433875     
-0.0488088024481407      -0.01084900011883008     
-0.02642096807569709     -0.04244917485585551     
-0.04901485733153487     -0.009876424493169654    
-0.02557176212221351     -0.04296609107150576     
-0.04920153575611485     -0.008899937035718416    
-0.02471244667318149     -0.04346602097529933     
-0.04936876312061873     -0.007919926005982394    
-0.02384336224927589     -0.04394876649747755     
-0.04951647256333584     -0.006936782026589129    
-0.02296485266746133     -0.04441413673552368     
-0.04964460515662753     -0.005950897314065393    
-0.02207726431488301     -0.04486194824537599     
-0.04975311002483009     -0.004962664894706517    
-0.02118094786275043     -0.04529202410618726     
-0.04984194438455902     -0.003972477811961443    
-0.02027625762992241     -0.04570419429904671     
-0.04991107350690588     -0.00298072833184071     
-0.01936355035038486     -0.04609829625732507     
-0.04996047060149525     -0.00198780715290214     
-0.01844318705693232     -0.04647417402367689     
-0.04999011662285092     -0.0009941026273802714   
-0.01751553240599642     -0.04683167864314165     
-0.05                    0                        
-0.01658095396741402     -0.04717066848721245     
-0.04999011651221454     0.000994108190900715     
-0.01563982148559545     -0.0474910095059971      
-0.04996046994745729     0.001987823591070701     
-0.01469250611818382     -0.04779257540630272     
-0.04991107197387418     0.002980754001716827     
-0.01373938213457605     -0.04807524704627209     
-0.04984194209775637     0.00397250650394701      
-0.01278082625012471     -0.04833891269323425     
-0.04975310769636395     0.004962688238647585     
-0.01181721661099288     -0.04858346829497533     
-0.04964460397340244     0.005950907184962152     
-0.01084893446492025     -0.04880881704134886     
-0.04951647383755013     0.006936772930925003     
-0.009876363428730335    -0.04901486963589353     
-0.04936876786148359     0.007919896453801999     
-0.008899888733521514    -0.04920154449334835     
-0.04920154449334835     0.008899888733521514     
-0.007919896453801999    -0.04936876786148359     
-0.04901486963589353     0.009876363428730335     
-0.006936772930925003    -0.04951647383755013     
-0.04880881704134886     0.01084893446492025      
-0.005950907184962152    -0.04964460397340244     
-0.04858346829497533     0.01181721661099288      
-0.004962688238647585    -0.04975310769636395     
-0.04833891269323425     0.01278082625012471      
-0.00397250650394701     -0.04984194209775637     
-0.04807524704627209     0.01373938213457605      
-0.002980754001716827    -0.04991107197387418     
-0.04779257540630272     0.01469250611818382      
-0.001987823591070701    -0.04996046994745729     
-0.0474910095059971      0.01563982148559545      
-0.000994108190900715    -0.04999011651221454     
-0.04717066848721245     0.01658095396741402      
0                        -0.05                    
-0.04683167864314165     0.01751553240599642      
0.0009941026273802714    -0.04999011662285092     
-0.04647417402367689     0.01844318705693232      
0.00198780715290214      -0.04996047060149525     
-0.04609829625732507     0.01936355035038486      
0.00298072833184071      -0.04991107350690588     
-0.04570419429904671     0.02027625762992241      
0.003972477811961443     -0.04984194438455902     
-0.04529202410618726     0.02118094786275043      
0.004962664894706517     -0.04975311002483009     
-0.04486194824537599     0.02207726431488301      
0.005950897314065393     -0.04964460515662753     
-0.04441413673552368     0.02296485266746133      
0.006936782026589129     -0.04951647256333584     
-0.04394876649747755     0.02384336224927589      
0.007919926005982394     -0.04936876312061873     
-0.04346602097529933     0.02471244667318149      
0.008899937035718416     -0.04920153575611485     
-0.04296609107150576     0.02557176212221351      
0.009876424493169654     -0.04901485733153487     
-0.04244917485585551     0.02642096807569709      
0.01084900011883008      -0.0488088024481407      
-0.04191547720433875     0.02725972800180806      
0.01181727876432241      -0.04858345317704676     
-0.0413652093714456      0.028087710010901        
0.01278087911303399      -0.04833889871623073     
-0.04079858849919064     0.0289045874641675       
0.01373942436740517      -0.04807523497656931     
-0.0402158381912473      0.02971003801033273      
0.01469254289706622      -0.04779256409963656     
-0.03961718910505285     0.03050374284271491      
0.01563985803237401      -0.04749099747033311     
-0.03900287705939708     0.03128538925903843      
0.0165809902677064       -0.04717065572728691     
-0.03837314485208935     0.03205466821167501      
0.01751556844546005      -0.04683166516399352     
-0.03772824192579674     0.03281127490952695      
0.0184432228212942       -0.04647415983064238     
-0.03706842391457468     0.03355490945434644      
0.01936358582547059      -0.04609828135602925     
-0.03639395212992035     0.03428527742873122      
0.0202762928016843       -0.04570417869539245     
-0.03570509299057926     0.03500209043091696      
0.02118098271729441      -0.04529200780634125     
-0.03500211790781819     0.03570506605465382      
0.02207729883849109      -0.04486193125575358     
-0.03428530543575069     0.03639392574561425      
0.02296488684642168      -0.04441411906287289     
-0.03355493798044488     0.03706839809229012      
0.02384339607014219      -0.04394874814875082     
-0.03281130394342263     0.03772821667574997      
0.02471248012259239      -0.04346600195774251     
-0.03205469774186338     0.03837312018428757      
0.02557179518692149      -0.04296607139264817     
-0.03128541927381388     0.03900285298361743      
0.02642100074259576      -0.04244915452349733     
-0.03050377333019444     0.03961716563082371      
0.02725976025795836      -0.04191545622653575     
-0.02971006895848151     0.04021581532783183      
0.02808774184355565      -0.04136518775649126     
-0.02890461886079353     0.04079856625559604      
0.02890461886079353      -0.04079856625559604     
-0.02808774184355565     0.04136518775649126      
0.02971006895848151      -0.04021581532783183     
-0.02725976025795836     0.04191545622653575      
0.03050377333019444      -0.03961716563082371     
-0.02642100074259576     0.04244915452349733      
0.03128541927381388      -0.03900285298361743     
-0.02557179518692149     0.04296607139264817      
0.03205469774186338      -0.03837312018428757     
-0.02471248012259239     0.04346600195774251      
0.03281130394342263      -0.03772821667574997     
-0.02384339607014219     0.04394874814875082      
0.03355493798044488      -0.03706839809229012     
-0.02296488684642168     0.04441411906287289      
0.03428530543575069      -0.03639392574561425     
-0.02207729883849109     0.04486193125575358      
0.03500211790781819      -0.03570506605465382     
-0.02118098271729441     0.04529200780634125      
0.03570509299057926      -0.03500209043091696     
-0.0202762928016843      0.04570417869539245      
0.03639395212992035      -0.03428527742873122     
-0.01936358582547059     0.04609828135602925      
0.03706842391457468      -0.03355490945434644     
-0.0184432228212942      0.04647415983064238      
0.03772824192579674      -0.03281127490952695     
-0.01751556844546005     0.04683166516399352      
0.03837314485208935      -0.03205466821167501     
-0.0165809902677064      0.04717065572728691      
0.03900287705939708      -0.03128538925903843     
-0.01563985803237401     0.04749099747033311      
0.03961718910505285      -0.03050374284271491     
-0.01469254289706622     0.04779256409963656      
0.0402158381912473       -0.02971003801033273     
-0.01373942436740517     0.04807523497656931      
0.04079858849919064      -0.0289045874641675      
-0.01278087911303399     0.04833889871623073      
0.0413652093714456       -0.028087710010901       
-0.01181727876432241     0.04858345317704676      
0.04191547720433875      -0.02725972800180806     
-0.01084900011883008     0.0488088024481407       
0.04244917485585551      -0.02642096807569709     
-0.009876424493169654    0.04901485733153487      
0.04296609107150576      -0.02557176212221351     
-0.008899937035718416    0.04920153575611485      
0.04346602097529933      -0.02471244667318149     
-0.007919926005982394    0.04936876312061873      
0.04394876649747755      -0.02384336224927589     
-0.006936782026589129    0.04951647256333584      
0.04441413673552368      -0.02296485266746133     
-0.005950897314065393    0.04964460515662753      
0.04486194824537599      -0.02207726431488301     
-0.004962664894706517    0.04975311002483009      
0.04529202410618726      -0.02118094786275043     
-0.003972477811961443    0.04984194438455902      
0.04570419429904671      -0.02027625762992241     
-0.00298072833184071     0.04991107350690588      
0.04609829625732507      -0.01936355035038486     
-0.00198780715290214     0.04996047060149525      
0.04647417402367689      -0.01844318705693232     
-0.0009941026273802714   0.04999011662285092      
0.04683167864314165      -0.01751553240599642     
0                        0.05                     
0.04717066848721245      -0.01658095396741402     
0.000994108190900715     0.04999011651221454      
0.0474910095059971       -0.01563982148559545     
0.001987823591070701     0.04996046994745729      
0.04779257540630272      -0.01469250611818382     
0.002980754001716827     0.04991107197387418      
0.04807524704627209      -0.01373938213457605     
0.00397250650394701      0.04984194209775637      
0.04833891269323425      -0.01278082625012471     
0.004962688238647585     0.04975310769636395      
0.04858346829497533      -0.01181721661099288     
0.005950907184962152     0.04964460397340244      
0.04880881704134886      -0.01084893446492025     
0.006936772930925003     0.04951647383755013      
0.04901486963589353      -0.009876363428730335    
0.007919896453801999     0.04936876786148359      
0.04920154449334835      -0.008899888733521514    
0.008899888733521514     0.04920154449334835      
0.04936876786148359      -0.007919896453801999    
0.009876363428730335     0.04901486963589353      
0.04951647383755013      -0.006936772930925003    
0.01084893446492025      0.04880881704134886      
0.04964460397340244      -0.005950907184962152    
0.01181721661099288      0.04858346829497533      
0.04975310769636395      -0.004962688238647585    
0.01278082625012471      0.04833891269323425      
0.04984194209775637      -0.00397250650394701     
0.01373938213457605      0.04807524704627209      
0.04991107197387418      -0.002980754001716827    
0.01469250611818382      0.04779257540630272      
0.04996046994745729      -0.001987823591070701    
0.01563982148559545      0.0474910095059971       
0.04999011651221454      -0.000994108190900715    
0.01658095396741402      0.04717066848721245      
0.05                     0                        
0.01751553240599642      0.04683167864314165      
0.04999011662285092      0.0009941026273802714    
0.01844318705693232      0.04647417402367689      
0.04996047060149525      0.00198780715290214      
0.01936355035038486      0.04609829625732507      
0.04991107350690588      0.00298072833184071      
0.02027625762992241      0.04570419429904671      
0.04984194438455902      0.003972477811961443     
0.02118094786275043      0.04529202410618726      
0.04975311002483009      0.004962664894706517     
0.02207726431488301      0.04486194824537599      
0.04964460515662753      0.005950897314065393     
0.02296485266746133      0.04441413673552368      
0.04951647256333584      0.006936782026589129     
0.02384336224927589      0.04394876649747755      
0.04936876312061873      0.007919926005982394     
0.02471244667318149      0.04346602097529933      
0.04920153575611485      0.008899937035718416     
0.02557176212221351      0.04296609107150576      
0.04901485733153487      0.009876424493169654     
0.02642096807569709      0.04244917485585551      
0.0488088024481407       0.01084900011883008      
0.02725972800180806      0.04191547720433875      
0.04858345317704676      0.01181727876432241      
0.028087710010901        0.0413652093714456       
0.04833889871623073      0.01278087911303399      
0.0289045874641675       0.04079858849919064      
0.04807523497656931      0.01373942436740517      
0.02971003801033273      0.0402158381912473       
0.04779256409963656      0.01469254289706622      
0.03050374284271491      0.03961718910505285      
0.04749099747033311      0.01563985803237401      
0.03128538925903843      0.03900287705939708      
0.04717065572728691      0.0165809902677064       
0.03205466821167501      0.03837314485208935      
0.04683166516399352      0.01751556844546005      
0.03281127490952695      0.03772824192579674      
0.04647415983064238      0.0184432228212942       
0.03355490945434644      0.03706842391457468      
0.04609828135602925      0.01936358582547059      
0.03428527742873122      0.03639395212992035      
0.04570417869539245      0.0202762928016843       
0.03500209043091696      0.03570509299057926      
0.04529200780634125      0.02118098271729441      
0.03570506605465382      0.03500211790781819      
0.04486193125575358      0.02207729883849109      
0.03639392574561425      0.03428530543575069      
0.04441411906287289      0.02296488684642168      
0.03706839809229012      0.03355493798044488      
0.04394874814875082      0.02384339607014219      
0.03772821667574997      0.03281130394342263      
0.04346600195774251      0.02471248012259239      
0.03837312018428757      0.03205469774186338      
0.04296607139264817      0.02557179518692149      
0.03900285298361743      0.03128541927381388      
0.04244915452349733      0.02642100074259576      
0.03961716563082371      0.03050377333019444      
0.04191545622653575      0.02725976025795836      
0.04021581532783183      0.02971006895848151      
0.04136518775649126      0.02808774184355565      
0.04079856625559604      0.02890461886079353      
