-0.1765894729025849      -0.09389439844840192     
-0.1732050326960246      -0.1000000832438106      
-0.1696095646303333      -0.1059839402263796      
-0.1797587622260853      -0.08767432579122426     
-0.1658074587340952      -0.1118386633867792      
-0.1827090439796233      -0.08134743541164696     
-0.1618033461012485      -0.1175571230952833      
-0.1854367276072721      -0.07492142586941573     
-0.1576021016183226      -0.1231323579141078      
-0.1879384862257838      -0.06840413288070303     
-0.1532088351435936      -0.1285575856725038      
-0.1902112668350242      -0.0618035109764422      
-0.1486289052943895      -0.13382618768758        
-0.1922522986295583      -0.05512761260612647     
-0.143867903074592       -0.1389317331098975      
-0.1940590907283591      -0.04838459781461946     
-0.1389316223960998      -0.1438680099896692      
-0.1956294705470293      -0.04158257151125962     
-0.1338260733097335      -0.148629008280678       
-0.1969615233010264      -0.03472979036705007     
-0.1285574677700265      -0.1532089340755251      
-0.1980536104582845      -0.02783464360177998     
-0.1231322366309939      -0.1576021963750789      
-0.1989043884413458      -0.02090560352571133     
-0.1175569985792119      -0.161803436567482       
-0.199512818511699       -0.01395117376846377     
-0.1118385357893369      -0.1658075447996779      
-0.1998781675981544      -0.006979836502676903    
-0.1059838097027436      -0.1696096461905769      
-0.2                     0                        
-0.099999949953242       -0.1732051096513873      
-0.1998781656837833      0.006979891323370465     
-0.09389426255361435     -0.1765895451591428      
-0.1995128106288178      0.01395128649944198      
-0.08767418745747585     -0.1797588296959885      
-0.1989043798314851      0.02090568544325453      
-0.08134729480746913     -0.1827091065806702      
-0.1980536158245567      0.02783460541877518      
-0.07492128316590203     -0.1854367852632663      
-0.1969615547093138      0.03472961224214866      
-0.06840398825208521     -0.1879385388663235      
-0.195629525451664       0.04158231320593826      
-0.06180336459903954     -0.1902113143959585      
-0.1940591504751343      0.04838435818391313      
-0.05512744530707218     -0.1922523466018446      
-0.1922523466018446      0.05512744530707218      
-0.04838435818391313     -0.1940591504751343      
-0.1902113143959585      0.06180336459903954      
-0.04158231320593826     -0.195629525451664       
-0.1879385388663235      0.06840398825208521      
-0.03472961224214866     -0.1969615547093138      
-0.1854367852632663      0.07492128316590203      
-0.02783460541877518     -0.1980536158245567      
-0.1827091065806702      0.08134729480746913      
-0.02090568544325453     -0.1989043798314851      
-0.1797588296959885      0.08767418745747585      
-0.01395128649944198     -0.1995128106288178      
-0.1765895451591428      0.09389426255361435      
-0.006979891323370465    -0.1998781656837833      
-0.1732051096513873      0.099999949953242        
0                        -0.2                     
-0.1696096461905769      0.1059838097027436       
0.006979836502676903     -0.1998781675981544      
-0.1658075447996779      0.1118385357893369       
0.01395117376846377      -0.199512818511699       
-0.161803436567482       0.1175569985792119       
0.02090560352571133      -0.1989043884413458      
-0.1576021963750789      0.1231322366309939       
0.02783464360177998      -0.1980536104582845      
-0.1532089340755251      0.1285574677700265       
0.03472979036705007      -0.1969615233010264      
-0.148629008280678       0.1338260733097335       
0.04158257151125962      -0.1956294705470293      
-0.1438680099896692      0.1389316223960998       
0.04838459781461946      -0.1940590907283591      
-0.1389317331098975      0.143867903074592        
0.05512761260612647      -0.1922522986295583      
-0.13382618768758        0.1486289052943895       
0.0618035109764422       -0.1902112668350242      
-0.1285575856725038      0.1532088351435936       
0.06840413288070303      -0.1879384862257838      
-0.1231323579141078      0.1576021016183226       
0.07492142586941573      -0.1854367276072721      
-0.1175571230952833      0.1618033461012485       
0.08134743541164696      -0.1827090439796233      
-0.1118386633867792      0.1658074587340952       
0.08767432579122426      -0.1797587622260853      
-0.1059839402263796      0.1696095646303333       
0.09389439844840192      -0.1765894729025849      
-0.1000000832438106      0.1732050326960246       
0.1000000832438106       -0.1732050326960246      
-0.09389439844840192     0.1765894729025849       
0.1059839402263796       -0.1696095646303333      
-0.08767432579122426     0.1797587622260853       
0.1118386633867792       -0.1658074587340952      
-0.08134743541164696     0.1827090439796233       
0.1175571230952833       -0.1618033461012485      
-0.07492142586941573     0.1854367276072721       
0.1231323579141078       -0.1576021016183226      
-0.06840413288070303     0.1879384862257838       
0.1285575856725038       -0.1532088351435936      
-0.0618035109764422      0.1902112668350242       
0.13382618768758         -0.1486289052943895      
-0.05512761260612647     0.1922522986295583       
0.1389317331098975       -0.143867903074592       
-0.04838459781461946     0.1940590907283591       
0.1438680099896692       -0.1389316223960998      
-0.04158257151125962     0.1956294705470293       
0.148629008280678        -0.1338260733097335      
-0.03472979036705007     0.1969615233010264       
0.1532089340755251       -0.1285574677700265      
-0.02783464360177998     0.1980536104582845       
0.1576021963750789       -0.1231322366309939      
-0.02090560352571133     0.1989043884413458       
0.161803436567482        -0.1175569985792119      
-0.01395117376846377     0.199512818511699        
0.1658075447996779       -0.1118385357893369      
-0.006979836502676903    0.1998781675981544       
0.1696096461905769       -0.1059838097027436      
0                        0.2                      
0.1732051096513873       -0.099999949953242       
0.006979891323370465     0.1998781656837833       
0.1765895451591428       -0.09389426255361435     
0.01395128649944198      0.1995128106288178       
0.1797588296959885       -0.08767418745747585     
0.02090568544325453      0.1989043798314851       
0.1827091065806702       -0.08134729480746913     
0.02783460541877518      0.1980536158245567       
0.1854367852632663       -0.07492128316590203     
0.03472961224214866      0.1969615547093138       
0.1879385388663235       -0.06840398825208521     
0.04158231320593826      0.195629525451664        
0.1902113143959585       -0.06180336459903954     
0.04838435818391313      0.1940591504751343       
0.1922523466018446       -0.05512744530707218     
0.05512744530707218      0.1922523466018446       
0.1940591504751343       -0.04838435818391313     
0.06180336459903954      0.1902113143959585       
0.195629525451664        -0.04158231320593826     
0.06840398825208521      0.1879385388663235       
0.1969615547093138       -0.03472961224214866     
0.07492128316590203      0.1854367852632663       
0.1980536158245567       -0.02783460541877518     
0.08134729480746913      0.1827091065806702       
0.1989043798314851       -0.02090568544325453     
0.08767418745747585      0.1797588296959885       
0.1995128106288178       -0.01395128649944198     
0.09389426255361435      0.1765895451591428       
0.1998781656837833       -0.006979891323370465    
0.099999949953242        0.1732051096513873       
0.2                      0                        
0.1059838097027436       0.1696096461905769       
0.1998781675981544       0.006979836502676903     
0.1118385357893369       0.1658075447996779       
0.199512818511699        0.01395117376846377      
0.1175569985792119       0.161803436567482        
0.1989043884413458       0.02090560352571133      
0.1231322366309939       0.1576021963750789       
0.1980536104582845       0.02783464360177998      
0.1285574677700265       0.1532089340755251       
0.1969615233010264       0.03472979036705007      
0.1338260733097335       0.148629008280678        
0.1956294705470293       0.04158257151125962      
0.1389316223960998       0.1438680099896692       
0.1940590907283591       0.04838459781461946      
0.143867903074592        0.1389317331098975       
0.1922522986295583       0.05512761260612647      
0.1486289052943895       0.13382618768758         
0.1902112668350242       0.0618035109764422       
0.1532088351435936       0.1285575856725038       
0.1879384862257838       0.06840413288070303      
0.1576021016183226       0.1231323579141078       
0.1854367276072721       0.07492142586941573      
0.1618033461012485       0.1175571230952833       
0.1827090439796233       0.08134743541164696      
0.1658074587340952       0.1118386633867792       
0.1797587622260853       0.08767432579122426      
0.1696095646303333       0.1059839402263796       
0.1765894729025849       0.09389439844840192      
0.1732050326960246       0.1000000832438106       
