0.5                      0.5                      
0.5                      0.49                     
0.5                      0.48                     
0.5                      0.47                     
0.5                      0.46                     
0.5                      0.45                     
0.5                      0.4399999999999999       
0.5                      0.4299999999999999       
0.5                      0.4199999999999999       
0.5                      0.4099999999999999       
0.5                      0.3999999999999999       
0.5                      0.3899999999999999       
0.5                      0.3799999999999999       
0.5                      0.3699999999999999       
0.5                      0.3599999999999999       
0.5                      0.3499999999999999       
0.5                      0.3399999999999999       
0.5                      0.3299999999999998       
0.5                      0.3199999999999998       
0.5                      0.3099999999999998       
0.5                      0.2999999999999998       
0.5                      0.2899999999999998       
0.5                      0.2799999999999998       
0.5                      0.2699999999999998       
0.5                      0.2599999999999998       
0.5                      0.2499999999999998       
0.5                      0.2399999999999998       
0.5                      0.2299999999999998       
0.5                      0.2199999999999998       
0.5                      0.2099999999999997       
0.5                      0.1999999999999997       
0.5                      0.1899999999999997       
0.5                      0.1799999999999997       
0.5                      0.1699999999999997       
0.5                      0.1599999999999997       
0.5                      0.1499999999999997       
0.5                      0.1399999999999997       
0.5                      0.1299999999999997       
0.5                      0.1199999999999997       
0.5                      0.1099999999999997       
0.5                      0.09999999999999964      
0.5                      0.08999999999999964      
0.5                      0.07999999999999963      
0.5                      0.06999999999999962      
0.5                      0.05999999999999961      
0.5                      0.0499999999999996       
0.5                      0.03999999999999959      
0.5                      0.02999999999999958      
0.5                      0.01999999999999957      
0.5                      0.009999999999999565     
0.5                      -4.440892098500626E-16   
0.5                      -0.01000000000000045     
0.5                      -0.02000000000000046     
0.5                      -0.03000000000000047     
0.5                      -0.04000000000000048     
0.5                      -0.05000000000000049     
0.5                      -0.0600000000000005      
0.5                      -0.07000000000000051     
0.5                      -0.08000000000000052     
0.5                      -0.09000000000000052     
0.5                      -0.1000000000000005      
0.5                      -0.1100000000000005      
0.5                      -0.1200000000000006      
0.5                      -0.1300000000000006      
0.5                      -0.1400000000000006      
0.5                      -0.1500000000000006      
0.5                      -0.1600000000000006      
0.5                      -0.1700000000000006      
0.5                      -0.1800000000000006      
0.5                      -0.1900000000000006      
0.5                      -0.2000000000000006      
0.5                      -0.2100000000000006      
0.5                      -0.2200000000000006      
0.5                      -0.2300000000000006      
0.5                      -0.2400000000000007      
0.5                      -0.2500000000000007      
0.5                      -0.2600000000000007      
0.5                      -0.2700000000000007      
0.5                      -0.2800000000000007      
0.5                      -0.2900000000000007      
0.5                      -0.3000000000000007      
0.5                      -0.3100000000000007      
0.5                      -0.3200000000000007      
0.5                      -0.3300000000000007      
0.5                      -0.3400000000000007      
0.5                      -0.3500000000000008      
0.5                      -0.3600000000000008      
0.5                      -0.3700000000000008      
0.5                      -0.3800000000000008      
0.5                      -0.3900000000000008      
0.5                      -0.4000000000000008      
0.5                      -0.4100000000000008      
0.5                      -0.4200000000000008      
0.5                      -0.4300000000000008      
0.5                      -0.4400000000000008      
0.5                      -0.4500000000000008      
0.5                      -0.4600000000000009      
0.5                      -0.4700000000000009      
0.5                      -0.4800000000000009      
0.5                      -0.4900000000000009      
0.5                      -0.5                     
