-1                       0.4900000000000004       
-1                       0.5                      
-1                       0.4800000000000004       
-1                       0.4700000000000004       
-1                       0.4600000000000004       
-1                       0.4500000000000004       
-1                       0.4400000000000004       
-1                       0.4300000000000004       
-1                       0.4200000000000004       
-1                       0.4100000000000004       
-1                       0.4000000000000004       
-1                       0.3900000000000003       
-1                       0.3800000000000003       
-1                       0.3700000000000003       
-1                       0.3600000000000003       
-1                       0.3500000000000003       
-1                       0.3400000000000003       
-1                       0.3300000000000003       
-1                       0.3200000000000003       
-1                       0.3100000000000003       
-1                       0.3000000000000003       
-1                       0.2900000000000003       
-1                       0.2800000000000002       
-1                       0.2700000000000002       
-1                       0.2600000000000002       
-1                       0.2500000000000002       
-1                       0.2400000000000002       
-1                       0.2300000000000002       
-1                       0.2200000000000002       
-1                       0.2100000000000002       
-1                       0.2000000000000002       
-1                       0.1900000000000002       
-1                       0.1800000000000002       
-1                       0.1700000000000002       
-1                       0.1600000000000001       
-1                       0.1500000000000001       
-1                       0.1400000000000001       
-1                       0.1300000000000001       
-1                       0.1200000000000001       
-1                       0.1100000000000001       
-1                       0.1000000000000001       
-1                       0.09000000000000007      
-1                       0.08000000000000006      
-1                       0.07000000000000005      
-1                       0.06000000000000004      
-1                       0.05000000000000003      
-1                       0.04000000000000002      
-1                       0.03000000000000002      
-1                       0.02000000000000001      
-1                       0.01000000000000001      
-1                       0                        
-1                       -0.009999999999996845    
-1                       -0.01999999999999691     
-1                       -0.02999999999999697     
-1                       -0.03999999999999704     
-1                       -0.0499999999999971      
-1                       -0.05999999999999717     
-1                       -0.06999999999999723     
-1                       -0.0799999999999973      
-1                       -0.08999999999999736     
-1                       -0.09999999999999742     
-1                       -0.1099999999999975      
-1                       -0.1199999999999976      
-1                       -0.1299999999999976      
-1                       -0.1399999999999977      
-1                       -0.1499999999999977      
-1                       -0.1599999999999978      
-1                       -0.1699999999999979      
-1                       -0.1799999999999979      
-1                       -0.189999999999998       
-1                       -0.1999999999999981      
-1                       -0.2099999999999981      
-1                       -0.2199999999999982      
-1                       -0.2299999999999983      
-1                       -0.2399999999999983      
-1                       -0.2499999999999984      
-1                       -0.2599999999999985      
-1                       -0.2699999999999985      
-1                       -0.2799999999999986      
-1                       -0.2899999999999986      
-1                       -0.2999999999999987      
-1                       -0.3099999999999988      
-1                       -0.3199999999999988      
-1                       -0.3299999999999989      
-1                       -0.339999999999999       
-1                       -0.349999999999999       
-1                       -0.3599999999999991      
-1                       -0.3699999999999992      
-1                       -0.3799999999999992      
-1                       -0.3899999999999993      
-1                       -0.3999999999999994      
-1                       -0.4099999999999994      
-1                       -0.4199999999999995      
-1                       -0.4299999999999995      
-1                       -0.4399999999999996      
-1                       -0.4499999999999997      
-1                       -0.4599999999999997      
-1                       -0.4699999999999998      
-1                       -0.4799999999999999      
-1                       -0.4899999999999999      
-1                       -0.5                     
