-0.2                     -0.4899999999999988      
-0.2                     -0.5                     
-0.2                     -0.4799999999999988      
-0.2                     -0.4699999999999988      
-0.2                     -0.4599999999999989      
-0.2                     -0.4499999999999989      
-0.2                     -0.4399999999999989      
-0.2                     -0.4299999999999989      
-0.2                     -0.419999999999999       
-0.2                     -0.409999999999999       
-0.2                     -0.3999999999999991      
-0.2                     -0.3899999999999991      
-0.2                     -0.3799999999999991      
-0.2                     -0.3699999999999992      
-0.2                     -0.3599999999999992      
-0.2                     -0.3499999999999993      
-0.2                     -0.3399999999999993      
-0.2                     -0.3299999999999993      
-0.2                     -0.3199999999999993      
-0.2                     -0.3099999999999994      
-0.2                     -0.2999999999999994      
-0.2                     -0.2899999999999994      
-0.2                     -0.2799999999999995      
-0.2                     -0.2699999999999995      
-0.2                     -0.2599999999999996      
-0.2                     -0.2499999999999996      
-0.2                     -0.2399999999999996      
-0.2                     -0.2299999999999996      
-0.2                     -0.2199999999999997      
-0.2                     -0.2099999999999997      
-0.2                     -0.1999999999999998      
-0.2                     -0.1899999999999998      
-0.2                     -0.1799999999999998      
-0.2                     -0.1699999999999998      
-0.2                     -0.1599999999999999      
-0.2                     -0.1499999999999999      
-0.2                     -0.1399999999999999      
-0.2                     -0.1299999999999999      
-0.2                     -0.1199999999999999      
-0.2                     -0.11                    
-0.2                     -0.09999999999999998     
-0.2100000000000001      -0.09999999999999998     
-0.2200000000000001      -0.09999999999999998     
-0.2300000000000001      -0.09999999999999998     
-0.2400000000000001      -0.09999999999999998     
-0.2500000000000001      -0.09999999999999998     
-0.2600000000000001      -0.09999999999999998     
-0.2700000000000001      -0.09999999999999998     
-0.28                    -0.09999999999999998     
-0.29                    -0.09999999999999998     
-0.3                     -0.09999999999999998     
-0.31                    -0.09999999999999998     
-0.32                    -0.09999999999999998     
-0.33                    -0.09999999999999998     
-0.34                    -0.09999999999999998     
-0.35                    -0.09999999999999998     
-0.36                    -0.09999999999999996     
-0.37                    -0.09999999999999998     
-0.38                    -0.09999999999999998     
-0.39                    -0.09999999999999998     
-0.4                     -0.09999999999999998     
-0.4                     -0.1100000000000017      
-0.4                     -0.1200000000000017      
-0.4                     -0.1300000000000017      
-0.4                     -0.1400000000000016      
-0.4                     -0.1500000000000016      
-0.4                     -0.1600000000000015      
-0.4                     -0.1700000000000015      
-0.4                     -0.1800000000000015      
-0.4                     -0.1900000000000014      
-0.4                     -0.2000000000000014      
-0.4                     -0.2100000000000014      
-0.4                     -0.2200000000000013      
-0.4                     -0.2300000000000013      
-0.4                     -0.2400000000000013      
-0.4                     -0.2500000000000012      
-0.4                     -0.2600000000000012      
-0.4                     -0.2700000000000012      
-0.4                     -0.2800000000000011      
-0.4                     -0.2900000000000011      
-0.4                     -0.300000000000001       
-0.4                     -0.310000000000001       
-0.4                     -0.3200000000000009      
-0.4                     -0.3300000000000008      
-0.4                     -0.3400000000000009      
-0.4                     -0.3500000000000008      
-0.4                     -0.3600000000000007      
-0.4                     -0.3700000000000007      
-0.4000000000000001      -0.3800000000000006      
-0.4                     -0.3900000000000005      
-0.4                     -0.4000000000000004      
-0.4                     -0.4100000000000004      
-0.4                     -0.4200000000000004      
-0.4                     -0.4300000000000003      
-0.4                     -0.4400000000000003      
-0.4                     -0.4500000000000002      
-0.4                     -0.4600000000000002      
-0.4                     -0.4700000000000001      
-0.4                     -0.48                    
-0.4                     -0.49                    
-0.4                     -0.5                     
0.2                      -0.5                     
0.2                      -0.4899999999999999      
0.2                      -0.4799999999999999      
0.2                      -0.4699999999999999      
0.2                      -0.4599999999999997      
0.2                      -0.4499999999999997      
0.2                      -0.4399999999999996      
0.2                      -0.4299999999999996      
0.2                      -0.4199999999999995      
0.2                      -0.4099999999999994      
0.2                      -0.3999999999999994      
0.2                      -0.3899999999999993      
0.2                      -0.3799999999999992      
0.2                      -0.3699999999999992      
0.2                      -0.3599999999999991      
0.2                      -0.3499999999999991      
0.2                      -0.339999999999999       
0.2                      -0.3299999999999989      
0.2                      -0.3199999999999988      
0.2                      -0.3099999999999988      
0.2                      -0.2999999999999987      
0.2                      -0.2899999999999986      
0.2                      -0.2799999999999986      
0.2                      -0.2699999999999986      
0.2                      -0.2599999999999985      
0.2                      -0.2499999999999984      
0.2                      -0.2399999999999983      
0.2                      -0.2299999999999983      
0.2                      -0.2199999999999982      
0.2                      -0.2099999999999981      
0.2                      -0.1999999999999981      
0.2                      -0.1899999999999981      
0.2                      -0.179999999999998       
0.2                      -0.169999999999998       
0.2                      -0.1599999999999979      
0.2                      -0.1499999999999979      
0.2                      -0.1399999999999979      
0.2                      -0.1299999999999979      
0.2                      -0.1199999999999978      
0.2                      -0.1099999999999978      
0.2                      -0.09999999999999777     
0.2                      -0.08999999999999773     
0.2                      -0.07999999999999771     
0.2                      -0.06999999999999768     
0.2                      -0.05999999999999765     
0.2                      -0.04999999999999762     
0.2                      -0.03999999999999759     
0.2                      -0.02999999999999756     
0.2                      -0.01999999999999752     
0.2                      -0.009999999999997497    
0.2                      2.539635168830046E-15    
0.2                      0.01000000000000256      
0.2                      0.0200000000000026       
0.2                      0.03000000000000262      
0.2                      0.04000000000000266      
0.2                      0.0500000000000027       
0.2                      0.06000000000000272      
0.2                      0.07000000000000275      
0.2                      0.08000000000000278      
0.2                      0.09000000000000281      
0.2                      0.09999999999999998      
0.21                     0.09999999999999998      
0.22                     0.09999999999999998      
0.23                     0.09999999999999998      
0.24                     0.09999999999999996      
0.2500000000000001       0.09999999999999998      
0.26                     0.09999999999999998      
0.27                     0.09999999999999998      
0.28                     0.09999999999999998      
0.29                     0.09999999999999998      
0.3                      0.09999999999999998      
0.31                     0.09999999999999998      
0.32                     0.09999999999999998      
0.33                     0.09999999999999998      
0.34                     0.09999999999999998      
0.35                     0.09999999999999998      
0.3599999999999999       0.09999999999999998      
0.3699999999999999       0.09999999999999998      
0.3799999999999999       0.09999999999999998      
0.3899999999999999       0.09999999999999998      
0.4                      0.09999999999999998      
0.4                      0.08999999999999996      
0.4000000000000001       0.07999999999999996      
0.4                      0.06999999999999995      
0.4                      0.05999999999999994      
0.4                      0.04999999999999992      
0.4                      0.03999999999999991      
0.4                      0.0299999999999999       
0.4                      0.01999999999999988      
0.4                      0.00999999999999987      
0.4                      -1.387778780781446E-16   
0.4                      -0.01000000000000016     
0.4                      -0.02000000000000017     
0.4                      -0.03000000000000019     
0.4                      -0.0400000000000002      
0.4                      -0.05000000000000021     
0.4                      -0.06000000000000025     
0.4                      -0.07000000000000028     
0.4                      -0.08000000000000031     
0.4                      -0.09000000000000034     
0.4                      -0.1000000000000004      
0.4                      -0.1100000000000004      
0.4                      -0.1200000000000004      
0.4                      -0.1300000000000004      
0.4                      -0.1400000000000005      
0.4                      -0.1500000000000005      
0.4                      -0.1600000000000006      
0.4                      -0.1700000000000006      
0.4                      -0.1800000000000006      
0.4                      -0.1900000000000006      
0.4                      -0.2000000000000007      
0.4                      -0.2100000000000007      
0.4                      -0.2200000000000008      
0.4                      -0.2300000000000008      
0.4                      -0.2400000000000008      
0.4                      -0.2500000000000008      
0.4                      -0.2600000000000008      
0.4                      -0.2700000000000009      
0.4                      -0.2800000000000009      
0.4                      -0.2900000000000009      
0.4                      -0.300000000000001       
0.4                      -0.310000000000001       
0.4                      -0.3200000000000011      
0.4                      -0.3300000000000011      
0.4                      -0.3400000000000011      
0.4                      -0.3500000000000011      
0.4                      -0.3600000000000012      
0.4                      -0.3700000000000012      
0.4                      -0.3800000000000012      
0.4                      -0.3900000000000012      
0.4                      -0.4000000000000013      
0.4                      -0.4100000000000013      
0.4                      -0.4200000000000014      
0.4                      -0.4300000000000014      
0.4                      -0.4400000000000014      
0.4                      -0.4500000000000015      
0.4                      -0.4600000000000015      
0.4                      -0.4700000000000015      
0.4                      -0.4800000000000015      
0.4                      -0.4900000000000015      
0.4                      -0.5                     
