-0.4                     -0.5                     
-0.42                    -0.5                     
-0.4400000000000002      -0.5                     
-0.4600000000000003      -0.5                     
-0.4800000000000004      -0.5                     
-0.5000000000000006      -0.5                     
-0.5200000000000007      -0.5                     
-0.5400000000000007      -0.5                     
-0.5600000000000009      -0.5                     
-0.580000000000001       -0.5                     
-0.600000000000001       -0.5                     
-0.6200000000000012      -0.5                     
-0.6400000000000012      -0.5                     
-0.6600000000000014      -0.5                     
-0.6800000000000015      -0.5                     
-0.7000000000000015      -0.5                     
-0.7200000000000016      -0.5                     
-0.7400000000000017      -0.5                     
-0.7600000000000018      -0.5                     
-0.7800000000000018      -0.5                     
-0.8000000000000018      -0.5                     
-0.8200000000000019      -0.5                     
-0.840000000000002       -0.5                     
-0.8600000000000021      -0.5                     
-0.8800000000000021      -0.5                     
-0.9000000000000022      -0.5                     
-0.9200000000000023      -0.5                     
-0.9400000000000024      -0.5                     
-0.9600000000000024      -0.5                     
-0.9800000000000024      -0.5                     
-1                       -0.5                     
0.2                      -0.5                     
0.1799999999999999       -0.5                     
0.16                     -0.5                     
0.14                     -0.5                     
0.12                     -0.5                     
0.09999999999999998      -0.5                     
0.07999999999999999      -0.5                     
0.06000000000000001      -0.5                     
0.04000000000000004      -0.5                     
0.02000000000000003      -0.5                     
2.775557561562891E-17    -0.5                     
-0.01999999999999995     -0.5                     
-0.03999999999999991     -0.5                     
-0.0599999999999999      -0.5                     
-0.07999999999999986     -0.5                     
-0.09999999999999983     -0.5                     
-0.1199999999999998      -0.5                     
-0.1399999999999998      -0.5                     
-0.1599999999999997      -0.5                     
-0.1799999999999997      -0.5                     
-0.2                     -0.5                     
0.9800000000000018       0.5                      
1                        0.5                      
0.9600000000000017       0.5                      
0.9400000000000017       0.5                      
0.9200000000000017       0.5                      
0.9000000000000017       0.5                      
0.8800000000000017       0.5                      
0.8600000000000017       0.5                      
0.8400000000000016       0.5                      
0.8200000000000016       0.5                      
0.8000000000000016       0.5                      
0.7800000000000016       0.5                      
0.7600000000000016       0.5                      
0.7400000000000015       0.5                      
0.7200000000000015       0.5                      
0.7000000000000015       0.5                      
0.6800000000000015       0.5                      
0.6600000000000015       0.5                      
0.6400000000000015       0.5                      
0.6200000000000014       0.5                      
0.6000000000000014       0.5                      
0.5800000000000014       0.5                      
0.5600000000000014       0.5                      
0.5400000000000014       0.5                      
0.5200000000000014       0.5                      
0.5000000000000013       0.5                      
0.4800000000000013       0.5                      
0.4600000000000013       0.5                      
0.4400000000000013       0.5                      
0.4200000000000013       0.5                      
0.4000000000000012       0.5                      
0.3800000000000012       0.5                      
0.3600000000000012       0.5                      
0.3400000000000012       0.5                      
0.3200000000000012       0.5                      
0.3000000000000012       0.5                      
0.2800000000000011       0.5                      
0.2600000000000011       0.5                      
0.2400000000000011       0.5                      
0.2200000000000011       0.5                      
0.2000000000000011       0.5                      
0.180000000000001        0.5                      
0.160000000000001        0.5                      
0.140000000000001        0.5                      
0.120000000000001        0.5                      
0.100000000000001        0.5                      
0.08000000000000096      0.5                      
0.06000000000000094      0.5                      
0.04000000000000092      0.5                      
0.02000000000000091      0.5                      
8.881784197001252E-16    0.5                      
-0.01999999999999913     0.5                      
-0.03999999999999915     0.5                      
-0.05999999999999917     0.5                      
-0.07999999999999918     0.5                      
-0.0999999999999992      0.5                      
-0.1199999999999992      0.5                      
-0.1399999999999992      0.5                      
-0.1599999999999993      0.5                      
-0.1799999999999993      0.5                      
-0.1999999999999993      0.5                      
-0.2199999999999993      0.5                      
-0.2399999999999993      0.5                      
-0.2599999999999993      0.5                      
-0.2799999999999994      0.5                      
-0.2999999999999994      0.5                      
-0.3199999999999994      0.5                      
-0.3399999999999994      0.5                      
-0.3599999999999994      0.5                      
-0.3799999999999994      0.5                      
-0.3999999999999995      0.5                      
-0.4199999999999995      0.5                      
-0.4399999999999995      0.5                      
-0.4599999999999995      0.5                      
-0.4799999999999995      0.5                      
-0.4999999999999996      0.5                      
-0.5199999999999996      0.5                      
-0.5399999999999996      0.5                      
-0.5599999999999996      0.5                      
-0.5799999999999996      0.5                      
-0.5999999999999996      0.5                      
-0.6199999999999997      0.5                      
-0.6399999999999997      0.5                      
-0.6599999999999997      0.5                      
-0.6799999999999997      0.5                      
-0.6999999999999997      0.5                      
-0.7199999999999998      0.5                      
-0.7399999999999998      0.5                      
-0.7599999999999998      0.5                      
-0.7799999999999998      0.5                      
-0.7999999999999998      0.5                      
-0.8199999999999998      0.5                      
-0.8399999999999999      0.5                      
-0.8599999999999999      0.5                      
-0.8799999999999999      0.5                      
-0.8999999999999999      0.5                      
-0.9199999999999999      0.5                      
-0.9399999999999999      0.5                      
-0.96                    0.5                      
-0.98                    0.5                      
-1                       0.5                      
1                        -0.5                     
0.98                     -0.5                     
0.96                     -0.5                     
0.9399999999999999       -0.5                     
0.9199999999999998       -0.5                     
0.8999999999999999       -0.5                     
0.8799999999999999       -0.5                     
0.8599999999999999       -0.5                     
0.8399999999999997       -0.5                     
0.8199999999999997       -0.5                     
0.7999999999999998       -0.5                     
0.7799999999999997       -0.5                     
0.7599999999999996       -0.5                     
0.7399999999999997       -0.5                     
0.7199999999999996       -0.5                     
0.6999999999999996       -0.5                     
0.6799999999999995       -0.5                     
0.6599999999999995       -0.5                     
0.6399999999999995       -0.5                     
0.6199999999999993       -0.5                     
0.5999999999999992       -0.5                     
0.5799999999999992       -0.5                     
0.5599999999999992       -0.5                     
0.5399999999999991       -0.5                     
0.519999999999999        -0.5                     
0.4999999999999989       -0.5                     
0.4799999999999989       -0.5                     
0.4599999999999988       -0.5                     
0.4399999999999988       -0.5                     
0.4199999999999987       -0.5                     
0.4                      -0.5                     
